5
7
8
9
9
13
11
11
13
13
10
10
8
8
8
10
8
8
12
14
17
21
23
24
23
25
25
25
25
24
25
29
33
45
48
38
23
19
17
17
19
22
23
28
30
34
33
32
34
34
36
34
33
33
35
38
37
40
51
50
45
45
39
32
24
25
26
32
36
36
36
36
37
37
36
36
37
41
42
43
52
60
72
75
71
52
29
20
13
7
7
8
9
10
11
12
11
11
11
13
12
11
9
9
8
8
8
7
8
8
9
11
10
11
12
12
13
14
18
19
18
21
20
19
20
20
21
23
27
29
32
36
38
35
27
24
23
21
24
25
35
37
38
40
39
43
42
44
38
41
43
43
50
58
63
65
63
43
41
44
45
41
40
31
26
28
32
28
21
15
16
15
15
15
17
18
19
20
20
19
16
16
15
15
15
15
15
15
16
14
13
12
15
15
16
20
22
25
22
24
30
27
28
25
21
21
19
18
19
19
20
20
21
24
27
30
27
29
29
29
29
27
30
31
33
34
42
48
47
43
29
22
26
23
26
29
28
34
30
16
12
12
12
11
8
7
7
7
10
12
12
11
11
11
13
12
10
10
9
10
9
9
9
10
10
12
9
9
7
9
12
14
14
14
14
12
10
9
9
10
10
11
11
15
14
13
12
12
11
11
11
13
13
13
11
14
15
16
15
13
11
9
9
9
9
13
13
16
17
17
17
19
21
22
22
22
24
22
24
27
33
42
43
43
44
39
40
39
34
33
35
37
39
41
44
43
44
43
41
40
42
42
41
42
51
56
65
65
44
19
12
12
13
15
18
24
25
31
35
39
39
39
40
43
45
43
44
45
39
36
30
22
21
17
15
16
15
14
14
14
13
13
14
14
16
17
15
15
16
16
16
16
16
15
13
11
8
8
10
10
11
11
14
15
16
16
17
16
17
17
17
17
18
18
19
22
29
34
36
37
35
27
22
22
22
18
23
25
30
30
31
31
34
38
38
40
28
20
16
18
24
22
22
24
23
23
23
17
19
17
17
18
13
16
17
15
18
21
22
19
21
18
21
21
25
33
24
17
16
19
20
19
19
19
22
28
27
31
35
32
35
36
37
35
34
36
36
40
46
58
68
37
23
21
15
11
11
12
15
15
16
20
23
28
31
29
29
29
32
32
35
34
41
49
52
45
35
28
26
28
29
30
34
40
45
45
46
43
45
45
43
48
48
48
48
50
58
65
78
85
77
67
62
51
51
54
54
60
61
63
63
65
64
64
61
63
61
59
62
62
64
68
70
75
71
70
73
67
54
52
46
29
23
24
25
28
31
35
34
31
25
22
19
20
20
20
18
17
15
13
11
9
8
8
6
7
8
9
12
13
17
19
21
20
18
18
21
23
27
34
34
30
24
21
19
17
13
10
9
6
5
5
5
5
5
5
6
7
8
9
11
13
14
13
12
10
9
8
7
7
6
9
10
12
11
12
10
9
9
12
11
13
14
17
14
19
25
29
30
37
38
38
40
39
42
44
48
54
54
56
57
60
62
64
62
64
62
62
58
59
62
72
68
58
60
50
46
47
50
51
53
54
57
61
66
70
74
75
76
73
71
76
77
73
82
94
100
108
108
103
100
95
91
84
79
84
89
90
90
94
95
98
98
99
97
90
45
19
27
31
26
19
18
19
20
20
22
20
19
20
18
17
18
16
