30
30
27
26
28
28
32
32
35
43
49
36
25
21
21
17
18
19
20
25
32
34
36
34
34
37
40
41
42
40
39
40
48
55
66
51
39
34
36
32
31
34
37
44
46
48
51
50
48
48
47
48
46
46
45
49
56
64
72
63
49
43
42
34
37
54
59
52
48
42
26
12
16
18
19
22
25
29
29
33
34
34
36
31
25
22
19
20
20
21
22
25
31
32
33
35
38
37
42
42
44
44
44
45
45
48
40
32
24
20
18
18
19
20
25
25
31
34
31
31
29
29
28
28
29
30
30
34
39
45
48
48
43
37
33
33
33
31
34
38
39
42
41
44
44
45
46
47
43
44
46
48
57
63
64
37
29
21
20
21
21
27
31
33
36
37
37
43
43
43
45
40
49
48
51
51
59
62
56
44
43
33
31
32
39
48
50
41
22
15
12
11
17
19
18
21
20
20
21
24
27
33
29
28
29
30
29
31
28
28
32
35
36
37
37
37
38
36
35
37
34
37
37
40
44
50
57
55
34
21
19
20
21
16
15
14
14
24
32
27
17
16
12
10
7
7
8
9
10
11
12
13
13
14
12
12
12
13
13
19
23
24
26
24
23
21
22
21
20
23
23
23
25
33
36
27
23
19
16
16
12
14
16
19
21
23
24
26
22
24
22
21
22
25
24
29
36
45
42
41
33
24
25
20
18
20
22
27
32
35
33
35
32
36
35
34
35
42
41
49
55
53
40
23
20
19
20
21
23
23
23
22
17
13
11
11
10
9
10
13
13
14
15
20
25
28
27
15
13
13
15
17
14
14
13
14
15
16
19
19
19
22
19
15
16
17
17
15
17
14
12
12
11
12
13
11
11
12
14
19
23
24
25
25
25
26
27
27
27
26
27
29
34
39
49
50
45
39
37
37
39
39
38
39
38
44
48
44
41
42
41
36
35
36
38
42
38
41
39
37
32
26
17
14
14
13
13
11
10
9
11
12
9
9
9
9
10
10
8
7
7
8
7
8
11
12
11
12
12
12
12
11
12
12
12
14
12
14
17
14
14
13
13
18
17
19
17
12
10
8
9
13
17
19
24
27
31
31
35
37
35
36
35
34
34
35
37
42
47
54
59
52
46
47
33
27
22
25
29
34
36
40
40
38
43
41
39
38
41
39
37
44
48
52
52
55
56
53
47
39
34
41
47
52
54
55
51
29
14
12
10
8
8
8
11
15
17
15
11
11
13
10
9
8
9
10
10
12
15
19
19
21
22
18
17
19
15
13
13
14
21
27
25
19
19
17
16
12
11
10
11
13
17
19
22
21
22
26
28
24
24
24
24
25
29
32
38
35
34
32
18
13
15
16
19
26
25
28
31
32
34
35
36
36
35
37
38
39
41
45
49
49
40
36
30
28
36
37
42
45
46
45
45
45
46
43
42
40
39
39
39
41
51
52
60
62
59
57
49
46
44
44
47
52
52
55
53
53
55
54
53
55
52
54
55
57
59
69
81
80
70
65
64
63
60
61
61
64
64
65
58
58
59
57
55
51
51
51
60
57
62
60
57
60
55
38
37
33
34
33
29
24
23
23
20
17
15
17
16
18
13
9
7
8
10
11
11
11
11
10
9
10
9
10
10
9
12
9
8
6
