28
27
25
24
25
25
25
23
27
32
39
39
40
41
35
34
37
34
34
29
37
40
33
29
29
24
21
20
19
17
14
13
12
10
12
15
16
13
11
8
6
6
8
10
10
9
8
10
10
11
10
9
10
9
8
7
12
15
11
11
9
9
10
10
10
10
9
9
10
9
8
9
9
8
7
6
7
8
7
7
7
7
7
8
9
10
10
9
9
8
7
7
9
9
9
10
10
9
9
10
12
11
10
11
12
11
11
11
9
8
7
5
8
7
6
6
8
8
8
9
9
10
9
9
9
10
10
10
10
9
8
8
8
8
8
9
9
9
9
8
11
11
11
12
13
13
13
13
13
14
12
13
14
16
13
11
10
8
8
7
6
5
6
7
6
6
6
7
8
10
10
11
10
11
9
9
10
14
20
16
14
12
10
9
7
9
11
14
14
16
16
16
18
17
15
16
18
15
17
17
22
25
29
27
25
17
13
13
15
16
18
21
23
27
26
26
24
26
27
24
28
29
27
29
34
37
31
24
16
13
14
15
14
13
15
17
17
20
22
26
28
29
31
31
29
26
29
31
37
39
35
32
20
9
8
7
6
6
6
9
11
11
12
14
13
12
14
12
15
18
16
17
19
17
19
24
23
24
22
23
20
17
16
13
12
13
13
13
13
15
19
20
24
25
27
26
26
26
23
20
18
16
14
13
13
15
16
17
16
17
18
21
22
22
25
27
27
26
25
26
23
23
23
24
19
18
17
15
13
12
12
12
12
12
14
17
15
16
19
19
19
17
16
17
15
16
15
16
15
13
9
8
9
8
9
8
9
9
9
9
8
9
9
9
10
10
10
11
14
14
16
16
15
15
11
10
10
9
10
10
11
14
20
20
18
19
17
18
19
20
19
20
25
38
42
36
25
19
18
20
16
14
16
16
14
13
12
11
12
13
12
13
12
13
15
14
16
17
18
13
14
11
13
12
12
13
12
11
11
11
12
12
10
11
11
12
13
13
13
15
16
19
19
18
15
14
9
8
9
6
6
6
7
7
11
11
13
13
11
10
10
12
13
17
18
24
21
17
13
9
7
6
8
7
7
7
10
13
11
13
16
16
18
17
19
20
19
19
25
33
25
20
14
9
7
7
6
8
7
9
11
12
14
14
12
11
10
9
8
10
8
11
10
10
9
10
9
9
11
11
13
14
13
12
13
13
12
10
11
12
10
8
9
9
8
9
9
11
12
10
10
12
10
11
12
12
15
14
16
16
17
16
17
19
25
24
24
22
24
23
24
25
25
23
16
16
17
20
23
24
22
26
25
26
27
27
24
28
24
26
28
30
34
36
39
47
50
42
30
26
21
20
22
20
22
25
28
31
32
32
32
31
31
31
32
31
33
32
36
39
46
58
61
55
42
43
47
45
42
40
42
41
42
44
42
42
43
44
43
40
45
47
50
50
61
65
55
44
39
28
22
16
15
13
15
15
14
22
20
21
26
25
25
25
27
27
29
37
33
20
16
17
13
15
14
12
12
12
15
15
16
18
19
18
21
25
21
19
19
17
21
21
19
18
25
42
59
53
44
28
20
11
11
9
8
9
8
9
9
9
8
9
10
12
14
13
15
14
15
15
13
14
13
14
15
17
20
27
30
27
23
25
27
26
25
28
26
27
29
40
28
18
12
9
9
10
15
17
19
21
24
27
31
30
