13.9
14.4
16.7
17.3
17.6
15.5
14.6
17.1
16.6
17.5
11.7
9.2
6.4
6.1
6.2
6.9
7.4
8.0
7.8
8.9
7.5
6.3
7.1
6.0
7.0
9.4
9.6
10.9
14.1
10.8
11.8
12.4
16.1
16.7
12.1
9.1
7.3
8.4
7.2
6.4
7.3
5.5
5.6
5.9
5.8
5.8
5.8
6.4
5.5
7.2
9.9
11.2
11.1
9.1
11.6
9.0
10.9
10.6
8.5
7.7
7.6
8.4
8.2
9.3
8.9
8.1
8.0
7.2
8.6
9.3
8.1
8.6
8.2
8.6
8.2
8.4
10.0
10.6
10.5
10.6
12.7
15.5
15.9
14.3
11.9
12.9
12.0
10.9
9.6
10.1
9.3
8.5
8.2
9.2
8.5
8.3
8.3
11.2
10.4
11.6
14.5
15.3
16.2
17.5
16.9
18.4
18.7
17.3
17.9
18.4
20.6
22.0
20.5
16.8
15.8
18.9
23.0
21.9
23.4
25.7
25.7
28.4
27.7
25.8
24.4
23.9
23.7
21.0
20.7
19.3
19.4
18.9
17.1
16.9
16.6
15.9
14.9
14.7
13.4
16.3
11.5
12.5
12.2
15.4
13.8
14.6
14.1
15.4
18.4
18.1
21.7
24.5
21.7
22.8
24.9
26.5
25.8
25.5
22.8
22.2
21.8
25.7
25.7
28.4
34.3
36.4
36.5
38.8
37.8
42.1
39.6
38.3
41.5
40.9
41.0
43.5
49.5
49.0
45.0
39.6
35.3
31.7
29.3
28.5
29.2
28.8
28.5
29.7
32.1
34.5
36.1
38.6
35.7
35.6
38.6
38.6
39.2
35.7
38.2
39.0
45.0
54.4
54.8
51.1
43.7
36.4
32.5
28.5
28.2
24.1
21.4
23.1
27.5
29.5
30.0
31.5
32.2
35.6
35.7
33.1
33.0
31.9
32.5
32.8
38.1
39.6
40.5
38.4
31.4
25.4
27.2
25.0
26.7
32.5
33.4
32.6
29.7
25.3
26.1
25.5
25.1
22.3
22.9
22.9
21.5
22.2
18.7
17.4
15.8
14.8
10.8
8.9
9.6
9.5
10.3
9.0
11.3
8.7
10.1
10.1
10.6
10.5
11.5
11.6
14.9
15.4
15.5
17.3
19.8
18.8
21.1
24.5
27.0
25.7
18.5
16.2
18.2
19.0
19.6
18.5
17.5
16.2
20.4
24.7
26.7
30.7
30.7
26.5
17.3
15.2
14.5
14.7
12.4
17.5
18.0
18.4
19.2
17.2
13.9
11.5
14.4
14.1
11.5
11.4
10.6
11.0
11.6
12.9
15.5
14.3
12.5
15.7
14.9
14.5
15.0
17.6
16.3
19.3
18.2
20.5
24.6
28.5
20.5
17.2
12.5
14.2
16.7
16.7
15.1
15.7
13.8
8.7
9.0
10.3
8.3
9.5
9.7
8.7
10.5
12.4
18.3
13.4
13.9
15.3
14.2
8.5
7.8
7.9
7.5
7.9
6.3
5.7
6.3
5.8
5.2
6.0
5.9
7.2
6.4
7.5
8.4
8.2
6.9
7.1
7.2
5.8
4.2
6.5
8.0
6.2
6.5
5.9
5.5
6.0
7.5
5.1
5.9
5.7
6.5
7.3
7.4
7.9
7.8
7.4
7.1
8.0
8.3
6.5
6.2
5.7
6.3
6.4
5.9
4.8
4.8
4.9
2.9
3.3
3.8
3.1
2.1
3.1
3.9
3.0
4.2
4.1
4.8
5.0
4.5
5.3
6.2
6.0
5.9
6.7
8.7
9.5
15.2
17.3
14.8
10.3
10.6
9.8
11.2
10.9
11.9
11.5
12.4
14.6
18.1
23.2
23.6
24.6
25.5
26.1
27.1
27.9
33.6
32.7
28.8
29.1
35.2
44.5
48.5
54.3
52.9
47.6
44.7
50.4
52.8
56.4
56.3
55.9
58.3
60.4
63.1
62.7
62.0
62.3
58.0
59.1
60.0
58.5
60.5
58.6
44.5
37.9
26.4
22.4
16.0
10.8
8.9
7.7
5.9
6.8
7.8
10.4
13.8
15.3
17.5
18.3
20.8
22.2
22.0
23.4
21.2
19.9
20.9
21.0
23.5
26.9
26.7
27.8
22.7
19.9
23.9
24.6
24.0
22.5
19.9
20.5
16.3
14.5
18.3
21.3
21.9
21.4
22.9
21.9
22.7
21.0
22.8
23.2
27.5
32.0
32.2
27.3
20.4
13.9
15.2
19.4
19.4
17.0
18.3
18.4
22.2
25.6
29.3
28.7
30.4
30.0
31.4
31.3
32.7
32.7
32.9
34.9
38.8
48.3
42.1
25.9
18.4
19.1
24.0
27.0
28.3
27.2
27.0
28.5
31.3
34.5
34.4
34.8
37.0
36.5
35.1
32.7
32.5
33.7
34.6
31.5
35.5
41.9
45.8
45.3
44.3
42.5
39.1
37.8
36.0
37.3
37.7
39.1
40.9
43.5
44.5
46.3
48.8
46.7
46.4
47.5
46.2
47.0
46.7
47.9
53.2
56.6
57.1
51.7
49.9
39.4
38.4
27.0
24.9
29.2
30.0
29.5
25.5
21.9
21.2
22.9
21.9
23.3
26.4
25.9
25.9
29.3
29.6
32.4
33.1
32.8
28.7
28.5
26.7
27.8
28.0
26.0
25.4
25.1
25.1
27.5
27.1
28.8
27.2
31.7
32.2
34.9
38.0
38.3
34.7
28.3
22.0
21.2
18.0
13.2
13.7
10.4
9.1
6.0
6.4
7.9
6.8
8.1
7.9
9.6
9.1
10.7
13.5
15.3
14.9
16.6
19.7
18.8
19.9
17.2
17.5
19.9
23.7
23.4
14.6
11.5
12.4
12.5
12.6
13.1
13.5
14.2
13.2
13.1
14.9
14.5
13.9
12.5
14.7
14.2
14.6
16.8
14.5
14.4
11.9
9.6
12.0
12.1
9.1
6.8
6.9
6.5
6.0
6.6
7.7
7.6
7.2
8.5
14.7
15.1
15.5
16.6
16.7
15.5
20.7
18.8
16.8
17.4
19.5
19.8
22.5
33.5
29.1
19.7
22.1
21.1
16.1
15.7
16.0
18.4
18.4
21.7
25.5
28.1
26.9
29.5
