16.1
16.4
18.5
16.7
17.9
15.6
17.4
17.9
19.3
20.1
20.3
17.3
13.9
13.5
15.5
16.8
19.9
21.1
21.2
25.0
28.1
29.6
30.7
32.5
32.1
35.6
33.9
33.1
32.8
33.2
33.2
35.8
39.7
49.8
53.2
54.9
51.6
39.7
40.9
44.2
47.3
48.9
48.2
48.3
53.9
35.6
25.4
21.6
14.1
13.1
13.6
13.9
15.4
16.7
17.3
15.8
17.6
17.4
14.2
12.1
11.9
12.6
12.7
13.4
12.6
13.3
14.7
16.1
17.4
17.0
18.5
17.0
15.6
17.2
16.3
18.2
19.5
18.9
19.6
22.2
26.1
26.2
23.9
23.5
22.3
21.0
20.6
20.3
20.1
20.8
21.6
24.2
26.6
27.0
28.9
28.4
32.0
31.9
33.3
42.0
33.4
33.4
34.5
37.3
36.9
35.6
35.5
30.9
29.3
24.4
22.3
20.2
17.7
18.9
21.9
29.1
27.4
26.7
26.4
25.7
27.5
28.0
27.4
26.4
26.0
27.5
24.3
25.5
25.6
23.2
19.4
19.5
15.4
15.9
15.1
13.7
15.5
15.1
13.9
19.4
22.6
25.6
29.4
29.3
34.1
33.2
31.5
30.1
31.8
30.9
28.8
35.2
32.5
36.8
41.8
50.9
47.9
47.4
45.2
47.2
49.7
49.4
49.4
47.9
49.3
47.9
49.9
49.9
48.9
50.4
47.1
49.4
47.9
47.2
50.9
51.2
53.5
55.1
57.2
53.1
53.4
49.4
49.3
39.5
38.7
30.6
30.3
29.2
32.8
35.8
27.4
21.6
30.5
33.2
31.7
23.6
22.7
24.6
24.1
22.7
20.9
21.0
20.7
20.6
22.1
21.0
19.7
18.1
19.1
17.6
15.7
14.9
16.2
16.1
17.3
19.4
17.2
17.2
14.8
12.5
15.6
16.9
18.1
18.2
15.7
16.5
19.1
19.4
14.6
14.0
14.1
13.9
15.2
16.6
14.4
13.6
13.5
13.3
11.3
12.4
14.6
15.1
14.7
15.9
15.8
16.5
16.4
17.8
18.1
21.1
19.9
18.1
15.1
14.6
12.9
14.7
14.5
16.6
18.2
16.6
16.4
14.5
13.9
11.1
11.4
10.9
12.9
13.4
14.9
16.8
18.0
16.6
18.2
18.7
17.1
12.6
11.8
11.2
10.5
10.2
11.0
9.8
11.2
10.6
13.7
14.9
17.4
20.2
24.1
23.6
24.8
24.3
22.4
25.6
25.6
29.2
33.1
35.1
40.9
44.7
42.3
39.2
34.2
33.5
30.9
31.8
35.8
41.6
47.6
50.5
51.4
51.1
51.6
54.1
52.8
51.2
47.6
47.8
51.8
51.4
51.4
56.4
62.0
72.9
73.6
66.5
60.2
54.4
37.5
32.7
37.2
41.1
46.1
48.4
50.1
48.4
50.0
52.6
49.7
50.2
48.2
47.6
51.6
53.5
63.0
69.9
85.2
84.9
57.9
22.2
20.0
20.0
20.3
23.6
28.3
33.1
41.3
39.1
43.9
44.9
46.0
47.1
46.2
45.4
49.2
48.3
50.7
51.1
61.6
71.6
77.6
85.6
89.1
81.9
76.2
82.8
81.4
79.3
70.4
36.5
41.1
29.9
28.9
30.1
31.5
32.6
32.2
32.8
32.2
33.6
30.5
24.2
24.1
22.5
21.2
22.8
23.0
25.2
21.2
22.2
24.3
19.3
20.9
24.5
29.4
31.4
31.0
33.7
37.2
39.5
37.1
38.1
40.9
40.7
43.4
45.5
53.9
65.4
81.4
91.9
92.9
91.1
93.8
93.3
89.9
78.0
71.9
75.3
70.6
63.6
58.1
55.0
51.4
54.9
58.0
55.3
57.2
56.9
53.8
53.1
58.2
62.1
55.5
41.4
32.7
25.4
22.9
21.2
18.2
19.2
18.8
19.9
21.6
24.0
29.5
31.2
34.3
37.2
42.2
42.7
42.6
41.7
39.5
42.0
45.8
54.1
53.6
46.4
52.4
62.2
65.6
68.7
65.7
59.5
56.2
59.1
60.8
63.2
62.9
65.1
68.1
71.2
70.6
70.1
71.8
72.2
72.4
73.0
74.1
82.5
91.8
101.1
100.3
77.6
60.4
52.3
42.8
37.7
37.9
42.6
45.1
44.8
45.6
46.4
46.3
46.0
45.8
46.4
44.1
47.2
46.6
46.4
50.1
52.1
58.4
56.1
52.7
50.2
43.7
40.2
38.7
35.7
36.4
36.1
36.0
36.2
28.6
29.5
41.4
33.1
33.5
33.7
33.6
29.8
22.9
16.7
7.2
8.0
8.5
10.6
9.0
7.2
11.7
11.2
11.9
11.9
12.2
13.3
12.7
13.5
15.3
15.1
13.5
14.4
12.9
14.1
12.7
11.0
8.9
7.5
9.0
9.4
9.6
10.5
11.5
10.4
10.7
10.2
11.1
8.8
9.3
9.6
10.5
9.6
7.9
9.1
9.6
11.4
12.0
11.0
11.3
14.4
15.0
15.4
16.6
15.7
13.8
14.1
14.1
13.1
12.7
11.1
10.9
11.4
11.2
10.6
8.4
7.2
8.1
7.2
8.3
9.5
8.2
9.1
9.3
9.8
11.2
13.0
15.6
17.1
16.5
14.9
14.1
13.6
13.6
13.7
11.9
10.9
12.7
11.7
14.1
13.2
14.9
14.9
17.4
17.7
19.0
20.9
23.4
22.9
25.4
26.8
29.9
34.9
38.1
34.0
31.8
26.5
23.2
19.9
18.5
19.6
21.3
23.3
29.5
34.4
35.5
37.1
38.2
35.0
34.9
33.1
30.5
27.4
23.6
18.7
16.9
16.0
11.9
8.9
7.4
7.8
7.1
10.2
21.6
24.8
24.1
27.1
29.4
32.6
30.7
21.6
16.7
15.0
16.1
18.1
16.6
19.8
19.2
20.2
21.4
22.3
20.1
17.4
16.1
15.8
15.0
15.3
15.5
14.5
14.9
15.5
18.5
15.6
16.6
15.0
16.2
15.9
15.6
15.2
14.8
14.9
15.8
19.7
23.3
27.6
18.4
13.4
13.2
11.4
12.1
14.2
13.2
14.8
15.6
18.9
21.4
22.4
25.7
27.1
28.9
29.9
31.7
28.6
29.6
31.2
31.4
31.1
39.3
47.9
52.1
52.9
39.5
26.5
24.9
22.5
20.6
17.8
16.6
18.9
22.5
23.0
24.9
26.9
